2804
8752
4011
2678
7574
4591
7781
6584
1859
177
243
8421
1875
4546
1059
257
8035
4351
8010
5134
9184
8097
8717
2585
8113
8143
1861
134
3390
2605
1337
4402
5610
5174
8264
1938
496
4617
9705
9768
7044
6720
9857
5533
7939
9115
3270
5793
5088
5847
3349
7474
5310
5105
119
5650
7473
2842
9402
2470
1662
6603
8484
1463
6805
7205
8623
2241
1682
4760
8631
5389
1088
2972
5337
7060
5139
3753
3278
2374
2603
8253
6877
1363
7730
4535
2702
1940
6206
3738
5281
324
126
8291
3089
1079
621
3253
3372
5859
